000000000, 000000000, 000000000, 000000000 is equal to 000000000, 000000000, 000000000, 000000000.
000000000, 000000000, 000000000, 000000000 is larger than or equal to 000000000, 000000000, 000000000, 000000000.
000000000, 000000000, 000000000, 000000000 is smaller than or equal to 000000000, 000000000, 000000000, 000000000.

123456789, 000000111, 000000111, 000000111, 000000111
123456789, 000000111, 000000111, 000000111, 000000111 is larger than or equal to 111111111, 000000111, 000000111, 000000111, 000000111.

999999999, 999999999, 999999999, 000000020+1 = 999999999, 999999999, 999999999, 000000021
000000000, 000000000, 000000000, 000000001-1 = 000000000, 000000000, 000000000, 000000000
x1 + x2 - y2 + 1 = 123456789, 1000000110, 1000000110, 1000000110, 000000131

111111199999999999999999999
1000000000000000000000001
222222000000000000000000000
10000000000000300000000002
300000020000000000000000001
200000010000000000000000002
0
0
0
0
0
0
0
0
0
0
0
0
0
0
0
0
0
0
0
0
0
0
0
0
0
140
-2900
0
10
10
10
10
10
10
10
10
0
0
0
0
0
0
0
0
0
0
0
40
40
40
40
40
40
40
0
-380
-1080
-1020
-1020
-1020
-1020
-1020
-1020
0
0
0
0
0
150
150
150
150
0
0
0
0
0
0
0
0
0
0
10
-750
-1800
-1800
-1800
-1800
-1800
-1800
0
0
0
0
0
0
0
0
0
0
0
0
0
0
0
0
140
300
0
20
60
120
-1400
-3150
-3090
-3090
-3090
0
0
0
0
0
0
0
0
0
0
0
0
0
0
0
0
0
0
0
0
0
30
-1490
-3240
-2700
-2070
-1350
0
90
270
540
900
1350
1890
2520
3240
0
90
270
540
900
1350
1890
2520
2600
0
10
30
60
100
150

x = 000000010, 0000-2900, 000000000, 000000000
y = 0000-3090, 000000300, 000000000, 0000-1800, 000000000
x+y=0000-3090, 000000310, 0000-2900, 0000-1800, 000000000
x-y=000003090, 00000-290, 0000-2900, 000001800, 000000000


x = 000000000, 000000000, 000000000, 000000000
y = 000000000, 000000000, 000000000, 000000000
x+y=000000000, 000000000, 000000000, 000000000
x-y=000000000, 000000000, 000000000, 000000000


x = 000000000, 000000000, 000000000, 000000000
y = 000000000, 000000000, 000000000, 000000000
x+y=000000000, 000000000, 000000000, 000000000
x-y=000000000, 000000000, 000000000, 000000000
